Current Maze: 1
[x]	[x]
1	0

Current Maze: 2


[o]	1	1	0	0	0
0	0	0	1	1	0
1	1	0	0	1	0
0	1	1	0	0	0
0	1	1	1	1	0
0	0	0	0	0	0

1	1	0	0	0	0
[o]	0	1	1	0	0
1	0	0	1	0	1
1	1	0	0	0	0
1	1	1	1	0	0
0	0	0	0	0	0

1	0	0	0	0	1
0	[o]	1	0	0	0
0	0	1	0	1	1
1	0	0	0	0	1
1	1	1	0	0	1
0	0	0	0	0	0

0	0	0	0	1	1
1	1	0	0	0	0
0	[o]	0	1	1	0
0	0	0	0	1	1
1	1	0	0	1	1
0	0	0	0	0	0

0	0	0	1	1	0
1	0	0	0	0	1
1	0	1	1	0	0
0	[o]	0	1	1	0
1	0	0	1	1	1
0	0	0	0	0	0

0	0	1	1	0	0
0	0	0	0	1	1
0	1	1	0	0	1
0	0	1	1	0	0
0	[o]	1	1	1	1
0	0	0	0	0	0

0	1	1	0	0	0
0	0	0	1	1	0
1	1	0	0	1	0
0	1	1	0	0	0
0	1	1	1	1	0
0	[o]	0	0	0	0

1	1	0	0	0	0
0	0	1	1	0	0
1	0	0	1	0	1
1	1	0	0	0	0
1	1	1	1	0	0
0	0	[o]	0	0	0

1	0	0	0	0	1
0	1	1	0	0	0
0	0	1	0	1	1
1	0	0	0	0	1
1	1	1	0	0	1
0	0	0	[o]	0	0

0	0	0	0	1	1
1	1	0	0	0	0
0	1	0	1	1	0
0	0	0	0	1	1
1	1	0	0	1	1
0	0	0	0	[o]	0

0	0	0	1	1	0
1	0	0	0	0	1
1	0	1	1	0	0
0	0	0	1	1	0
1	0	0	1	1	1
0	0	0	0	0	[o]

Current Maze: 3


[o]	0	0	0
1	1	0	1
0	0	0	0
0	1	1	0

0	[o]	0	0
1	0	1	1
0	0	0	0
1	1	0	0

0	0	0	0
0	[o]	1	1
0	0	0	0
1	0	0	1

0	0	0	0
1	1	1	0
0	[o]	0	0
0	0	1	1

0	0	0	0
1	1	0	1
0	0	[o]	0
0	1	1	0

0	0	0	0
1	0	1	1
0	0	0	[o]
1	1	0	0

0	0	0	0
0	1	1	1
0	0	0	0
1	0	0	[o]

Current Maze: 4
[x]	[x]	[x]	[x]	[x]	[x]	0
[x]	[x]	[x]	[x]	[x]	[x]	0
[x]	[x]	[x]	[x]	[x]	0	0
[x]	[x]	[x]	[x]	1	0	1
0	0	1	0	0	0	1
0	1	1	0	1	0	0
0	0	0	0	1	1	0

Current Maze: 5


[o]	0	1	0	0
1	0	0	0	1
0	1	1	0	0
0	1	1	1	0
0	0	0	0	0

0	[o]	0	0	0
0	0	0	1	1
1	1	0	0	0
1	1	1	0	0
0	0	0	0	0

1	0	0	0	0
0	[o]	1	1	0
1	0	0	0	1
1	1	0	0	1
0	0	0	0	0

0	0	0	0	1
0	1	1	0	0
0	[o]	0	1	1
1	0	0	1	1
0	0	0	0	0

0	0	0	1	0
1	1	0	0	0
0	0	1	1	0
0	[o]	1	1	1
0	0	0	0	0

0	0	1	0	0
1	0	0	0	1
0	1	1	0	0
0	1	1	1	0
0	[o]	0	0	0

0	1	0	0	0
0	0	0	1	1
1	1	0	0	0
1	1	1	0	0
0	0	[o]	0	0

1	0	0	0	0
0	0	1	1	0
1	0	0	0	1
1	1	0	0	1
0	0	0	[o]	0

0	0	0	0	1
0	1	1	0	0
0	0	0	1	1
1	0	0	1	1
0	0	0	0	[o]

Current Maze: 6
[x]	1	0	0	1
[x]	[x]	[x]	[x]	[x]
[x]	[x]	[x]	[x]	[x]
[x]	[x]	[x]	[x]	[x]
[x]	[x]	[x]	[x]	1

Current Maze: 7
[x]	[x]	[x]	[x]	[x]	[x]	[x]
[x]	[x]	[x]	[x]	[x]	[x]	[x]
[x]	[x]	[x]	[x]	1	0	1
[x]	[x]	[x]	[x]	[x]	[x]	0
[x]	[x]	[x]	[x]	[x]	1	0
[x]	[x]	[x]	1	1	1	0
0	0	1	0	0	0	0

Current Maze: 8
[x]	[x]	[x]	[x]	[x]	[x]
1	1	1	1	1	0
0	0	1	1	1	0
1	0	0	0	0	0
0	0	1	1	1	0
0	1	0	0	0	0

Current Maze: 9
[x]	[x]	[x]	[x]
1	0	1	1
0	0	0	1
0	1	0	0

